v -0.252563,8.067897,-4.259953 -0.004500,33.885166,-4.462889 0.769022,0.125000
v 5.859970,17.749372,-5.545211 0.366200,18.421698,-5.274631 0.845109,0.401316
v -0.103477,18.421698,-5.274631 -0.020600,17.749372,-5.545211 0.774457,0.414474
v -9.495906,25.682806,8.727911 -0.383600,31.464798,0.001689 0.165761,0.625000
v -14.117578,25.951735,4.872138 -0.905500,8.067897,0.136980 0.611413,0.638158
v -14.117578,25.951735,4.872138 -0.905500,8.067897,0.136980 0.111413,0.638158
v -19.782852,31.464798,0.001689 -0.693400,8.067897,0.136980 0.546196,0.782895
v 2.580074,33.885166,-4.462889 -0.141500,8.067897,-3.312922 0.307065,0.848684
v -3.085201,33.885166,-4.327599 0.140700,8.067897,0.136980 0.236413,0.848684
v -0.103477,25.817270,-6.830468 -0.032900,33.885166,-4.462889 0.774457,0.625000
v -9.644992,25.951735,-7.236339 -0.314100,21.245462,0.069335 0.665761,0.638158
v -14.415750,26.355129,-4.598179 -0.487900,26.355129,-4.598179 0.605978,0.638158
v -14.266664,21.245462,0.069335 -0.999500,21.379927,0.136980 0.111413,0.493421
v -0.252563,18.287233,8.930845 0.008900,17.749372,7.307363 0.274457,0.414474
v -6.365096,17.749372,7.307363 -0.500400,18.287233,8.930845 0.198370,0.401316
v 8.543522,25.817270,-7.777500 0.334700,25.817270,-7.777500 0.872283,0.625000
v -0.401649,7.798967,8.051459 0.011000,7.933432,0.001689 0.269022,0.125000
v -0.401649,7.798967,8.051459 0.011000,7.933432,0.001689 0.769022,0.125000
v 6.158142,8.067897,7.104427 0.581600,17.614908,7.239717 0.345109,0.125000
v 9.885298,7.933432,0.001689 0.620100,32.943913,3.654526 0.888587,0.125000
v 9.736212,12.774170,0.069335 0.729700,34.288563,0.136980 0.888587,0.256579
v 6.009056,17.614908,7.239717 0.569900,12.774170,0.069335 0.345109,0.401316
v 3.474592,32.809448,3.654526 -0.160600,31.464798,0.001689 0.817935,0.822368
v 3.474592,32.809448,3.654526 -0.160600,31.464798,0.001689 0.317935,0.822368
v 4.667280,34.288563,0.136980 0.153600,25.951735,5.142718 0.828804,0.861842
v 7.947176,33.750702,0.001689 0.192700,8.067897,7.104427 0.866848,0.848684
v -5.619665,34.288563,0.136980 -0.205800,26.220665,-4.530534 0.209239,0.861842
v -8.452303,33.616238,0.136980 -0.135800,33.750702,0.001689 0.176630,0.848684
v 18.234123,31.464798,-0.133601 0.687600,12.774170,0.069335 0.986413,0.782895
v 12.568848,25.951735,5.142718 0.898300,34.019630,-0.133601 0.421196,0.638158
v 12.568848,25.951735,5.142718 0.898300,34.019630,-0.133601 0.921196,0.638158
v 8.394436,25.951735,8.457331 0.418800,25.951735,8.457331 0.372283,0.638158
v 12.568848,21.379927,0.136980 1.000000,8.067897,-3.312922 0.421196,0.506579
v 12.568848,26.220665,-4.530534 0.889200,7.798967,8.051459 0.421196,0.638158
v 12.568848,26.220665,-4.530534 0.889200,7.798967,8.051459 0.921196,0.638158
v -12.179457,17.614908,0.272270 -0.744900,33.616238,0.136980 0.133152,0.401316
v -11.732199,12.370775,0.069335 -0.765000,33.616238,0.069335 0.138587,0.243421
v -6.514182,17.480444,-5.342276 -0.321100,32.809448,0.204625 0.698370,0.388158
v 5.859970,8.067897,-3.177632 0.009600,33.885166,-4.327599 0.845109,0.125000
v -0.401649,32.809448,0.204625 0.009900,34.019630,-0.133601 0.269022,0.822368
v -0.401649,32.809448,0.204625 0.009900,34.019630,-0.133601 0.769022,0.822368
v -5.768751,7.664502,7.036782 0.043100,17.614908,0.272270 0.709239,0.125000
v 10.332556,17.749372,0.204625 0.802100,21.245462,0.069335 0.394022,0.401316
v -3.532459,32.943913,3.654526 -0.322100,31.464798,-0.133601 0.230978,0.822368
v 12.867020,34.019630,-0.133601 0.135000,8.067897,-3.177632 0.926630,0.861842
v -5.917838,8.067897,-3.312922 -0.376800,8.067897,-4.259953 0.703804,0.125000
v -11.881285,8.067897,0.136980 -0.746900,17.749372,0.204625 0.138587,0.125000
v -0.401649,25.548340,9.472006 -0.011000,32.809448,3.654526 0.269022,0.625000
v -13.968491,33.616238,0.069335 -0.149800,21.379927,0.136980 0.111413,0.848684
v -14.117578,25.951735,4.872138 -0.626600,25.951735,4.872138 0.111413,0.638158
v -19.782852,31.464798,0.001689 -0.334500,25.682806,8.727911 0.046196,0.782895
v -19.782852,31.464798,0.001689 -0.260600,17.614908,0.272270 0.546196,0.782895
v 2.580074,33.885166,-4.462889 0.174300,25.817270,-6.830468 0.807065,0.848684
v -3.085201,33.885166,-4.327599 -0.200600,33.885166,-4.327599 0.736413,0.848684
v -14.415750,26.355129,-4.598179 -0.893100,31.464798,-0.133601 0.605978,0.638158
v -14.415750,26.355129,-4.598179 -0.893100,31.464798,-0.133601 0.105978,0.638158
v -14.266664,21.245462,0.069335 -0.587800,25.951735,-7.236339 0.611413,0.493421
v -14.266664,21.245462,0.069335 -0.677100,7.664502,7.036782 0.111413,0.493421
v 6.158142,8.067897,7.104427 0.047200,8.067897,7.104427 0.345109,0.125000
v 9.885298,7.933432,0.001689 0.009100,7.798967,8.051459 0.388587,0.125000
v 9.885298,7.933432,0.001689 0.009100,7.798967,8.051459 0.888587,0.125000
v 9.885298,7.933432,0.001689 0.885400,33.616238,0.136980 0.388587,0.125000
v 3.474592,32.809448,3.654526 0.178200,34.288563,0.136980 0.317935,0.822368
v 4.667280,34.288563,0.136980 0.163400,33.750702,0.001689 0.328804,0.861842
v 4.667280,34.288563,0.136980 -0.273800,34.288563,0.136980 0.328804,0.861842
v -12.179457,17.614908,0.272270 -0.681500,17.749372,0.204625 0.633152,0.401316
v -11.732199,12.370775,0.069335 -0.608300,7.664502,7.036782 0.638587,0.243421
v -0.252563,8.067897,-4.259953 -0.000600,8.067897,-4.259953 0.769022,0.125000
v 5.859970,8.067897,-3.177632 0.470400,32.943913,3.654526 0.845109,0.125000
v 7.947176,33.750702,0.001689 0.137600,34.288563,0.136980 0.366848,0.848684
v 12.867020,34.019630,-0.133601 0.164600,21.245462,0.069335 0.426630,0.861842
v -5.917838,8.067897,-3.312922 0.000000,7.933432,0.001689 0.703804,0.125000
v -0.401649,7.798967,8.051459 -0.017700,33.616238,0.069335 0.269022,0.125000
v -5.768751,7.664502,7.036782 -0.498900,25.548340,9.472006 0.209239,0.125000
v -8.452303,33.616238,0.136980 -0.242900,31.464798,-0.133601 0.676630,0.848684
v -13.968491,33.616238,0.069335 -0.123600,12.370775,0.069335 0.611413,0.848684
v -5.619665,34.288563,0.136980 -0.225600,25.951735,5.142718 0.709239,0.861842
v -5.619665,34.288563,0.136980 0.268700,34.288563,0.136980 0.209239,0.861842
v 18.234123,31.464798,-0.133601 0.340600,8.067897,-3.177632 0.986413,0.782895
v 18.234123,31.464798,-0.133601 0.357100,26.220665,-4.530534 0.486413,0.782895
v -11.881285,8.067897,0.136980 0.003200,7.933432,0.001689 0.638587,0.125000
v -11.881285,8.067897,0.136980 -0.500700,34.288563,0.136980 0.638587,0.125000
v -3.532459,32.943913,3.654526 0.170900,31.464798,0.001689 0.730978,0.822368
v -3.532459,32.943913,3.654526 0.170900,31.464798,0.001689 0.230978,0.822368
v 9.736212,12.774170,0.069335 0.876200,32.809448,3.654526 0.388587,0.256579
v 12.568848,25.951735,5.142718 0.601800,21.379927,0.136980 0.421196,0.638158
v 12.568848,26.220665,-4.530534 0.619700,12.370775,0.069335 0.921196,0.638158
v 10.332556,17.749372,0.204625 0.750900,25.951735,4.872138 0.894022,0.401316
v 12.568848,21.379927,0.136980 0.654500,17.480444,-5.342276 0.921196,0.506579
v 12.568848,21.379927,0.136980 0.655100,26.355129,-4.598179 0.421196,0.506579
f 67,2,1
f 50,49,3
f 9,53,52
f 56,11,10
f 14,13,3
f 9,52,15
f 59,58,16
f 21,18,84
f 2,9,15
f 69,63,62
f 61,84,18
f 74,76,53
f 31,85,79
f 11,51,10
f 15,86,88
f 78,86,15
f 37,66,65
f 67,1,68
f 39,7,8
f 14,73,72
f 1,15,87
f 40,82,22
f 60,0,38
f 89,85,31
f 69,31,70
f 21,84,42
f 52,25,15
f 0,80,71
f 14,72,13
f 21,72,18
f 15,88,87
f 13,47,3
f 37,10,2
f 21,42,31
f 8,77,39
f 1,20,68
f 80,60,17
f 80,17,41
f 10,75,74
f 37,45,66
f 44,15,25
f 27,3,47
f 29,32,33
f 57,3,49
f 44,78,15
f 57,35,3
f 73,14,36
f 37,65,10
f 65,56,10
f 9,10,53
f 35,36,14
f 39,23,64
f 51,75,10
f 81,66,45
f 47,62,43
f 67,37,2
f 54,4,6
f 31,79,70
f 68,20,19
f 30,34,28
f 52,24,25
f 62,47,31
f 10,74,53
f 43,26,27
f 1,87,20
f 10,9,2
f 0,60,80
f 77,83,39
f 46,73,36
f 35,14,3
f 67,45,37
f 42,89,31
f 31,69,62
f 48,50,3
f 27,48,3
f 12,5,55
f 39,64,7
f 31,47,13
f 21,31,13
f 21,13,72
f 2,15,1
f 47,43,27
