  17 67 22 6770
! 16 67 23 6698
" 18 67 22 6626
# 41 67 10 6554
$ 24 67 19 6482
% 29 67 16 6410
& 29 67 16 6338
' 11 67 25 6266
( 25 67 18 6194
) 25 67 18 6122
* 20 67 21 6050
+ 21 67 20 5978
, 8 67 27 5906
- 20 67 21 5834
. 10 67 26 5762
/ 29 67 16 5690
0 26 67 18 5618
1 26 67 18 5546
2 26 67 18 5474
3 26 67 18 5402
4 26 67 18 5330
5 26 67 18 5258
6 26 67 18 5186
7 26 67 18 5114
8 26 67 18 5042
9 26 67 18 4970
: 11 67 25 4898
; 11 67 25 4826
< 20 67 21 4754
= 21 67 20 4682
> 20 67 21 4610
? 26 67 18 4538
@ 32 67 15 4466
A 53 67 4 4394
B 39 67 11 4322
C 43 67 9 4250
D 48 67 7 4178
E 42 67 10 4106
F 43 67 9 4034
G 35 67 13 3962
H 51 67 5 3890
I 31 67 15 3818
J 53 67 4 3746
K 44 67 9 3674
L 33 67 14 3602
M 62 67 0 3530
N 41 67 10 3458
O 42 67 10 3386
P 38 67 12 3314
Q 42 67 10 3242
R 48 67 7 3170
S 42 67 10 3098
T 51 67 5 3026
U 38 67 12 2954
V 43 67 9 2882
W 54 67 4 2810
X 44 67 9 2738
Y 50 67 6 2666
Z 47 67 7 2594
[ 24 67 19 2522
\ 11 67 25 2450
] 24 67 19 2378
^ 20 67 21 2306
_ 25 67 18 2234
` 11 67 25 2162
a 28 67 17 2090
b 31 67 15 2018
c 25 67 18 1946
d 31 67 15 1874
e 25 67 18 1802
f 19 67 21 1730
g 34 71 14 1656
h 29 67 16 1586
i 17 67 22 1514
j 33 71 14 1440
k 31 67 15 1370
l 20 67 21 1298
m 43 67 9 1226
n 30 67 16 1154
o 23 67 19 1082
p 37 72 12 1008
q 30 70 16 937
r 22 67 20 866
s 23 67 19 794
t 34 67 14 722
u 27 67 17 650
v 27 67 17 578
w 44 67 9 506
x 33 67 14 434
y 34 71 14 360
z 32 72 15 288
{ 23 67 19 218
| 18 67 22 146
} 24 67 19 74
~ 27 67 17 2
