v -0.918140,6.123108,11.300987 0.454100,6.123108,11.300987 0.667230,0.054124
v -0.918140,6.123108,11.300987 0.454100,6.123108,11.300987 0.167230,0.054124
v -0.590130,6.123108,13.098839 0.989700,6.894054,13.098839 0.684122,0.224227
v -0.590130,6.123108,13.098839 0.989700,6.894054,13.098839 0.184122,0.224227
v -0.918140,6.894054,13.098839 0.023700,6.123108,13.098839 0.653716,0.219072
v -0.918140,6.123108,11.300987 0.000000,6.508579,11.300987 0.153716,0.054124
v -0.918140,6.508579,11.300987 0.310500,6.123108,11.300987 0.153716,0.054124
v -0.918140,6.508579,11.300987 0.310500,6.123108,11.300987 0.653716,0.054124
v -0.918140,6.123108,14.597050 0.000000,6.123108,13.098839 0.653716,0.389175
v -0.918140,6.123108,14.597050 0.000000,6.123108,13.098839 0.153716,0.389175
v -1.246151,6.123108,13.098839 -0.983700,6.123108,14.597050 0.623311,0.219072
v -1.246151,6.123108,13.098839 -0.983700,6.123108,14.597050 0.123311,0.219072
v -1.246151,6.123108,11.300987 -0.722600,6.123108,11.300987 0.640203,0.054124
v -1.246151,6.123108,11.300987 -0.722600,6.123108,11.300987 0.140203,0.054124
v -0.918140,5.737633,13.098839 0.000000,5.737633,13.098839 0.153716,0.219072
v -1.574162,6.123108,14.597050 -0.767900,6.508579,13.997765 0.528716,0.956186
v -1.574162,6.123108,14.597050 -0.767900,6.508579,13.997765 0.028716,0.956186
v -1.902172,6.123108,13.398479 -0.829600,6.123108,13.398479 0.528716,0.842784
v -1.902172,6.123108,13.398479 -0.829600,6.123108,13.398479 0.028716,0.842784
v -0.590130,6.508579,13.997765 0.023500,6.123108,14.597050 0.596284,0.899485
v -0.590130,6.123108,14.597050 0.009300,6.508579,14.597050 0.592905,0.940722
v -0.590130,6.123108,14.597050 0.009300,6.508579,14.597050 0.092905,0.940722
v -0.590130,6.508579,14.597050 0.000000,6.123108,14.597050 0.592905,0.940722
v -0.918140,6.123108,10.701702 -0.758700,6.123108,13.698124 0.089527,0.677835
v -0.918140,6.123108,10.701702 -0.758700,6.123108,13.698124 0.589527,0.677835
v -0.918140,6.123108,13.698124 0.007700,6.123108,13.698124 0.086149,0.853093
v -0.918140,6.123108,13.698124 0.007700,6.123108,13.698124 0.586149,0.853093
v -0.590130,6.123108,13.698124 0.000000,6.123108,10.701702 0.096284,0.863402
v -0.590130,6.123108,13.698124 0.544100,6.508579,10.701702 0.606419,0.853093
v -0.590130,6.123108,13.698124 0.544100,6.508579,10.701702 0.106419,0.853093
v -0.590130,6.508579,13.698124 0.078500,6.508579,13.698124 0.596284,0.863402
v -0.590130,6.508579,10.701702 0.289500,6.123108,13.698124 0.596284,0.677835
v -0.590130,6.508579,10.701702 0.289500,6.123108,13.698124 0.096284,0.677835
v 0.393906,6.123108,13.398479 0.761100,6.123108,13.398479 0.660473,0.842784
v 0.393906,6.123108,13.398479 0.761100,6.123108,13.398479 0.160473,0.842784
v 0.393906,6.123108,14.597050 0.827500,6.123108,14.597050 0.660473,0.951031
v 0.393906,6.123108,14.597050 0.827500,6.123108,14.597050 0.160473,0.951031
v -0.590130,6.123108,10.701702 0.000000,6.123108,10.701702 0.096284,0.677835
v -0.590130,6.123108,10.701702 0.447200,6.123108,10.701702 0.106419,0.677835
v -0.590130,6.123108,10.701702 0.447200,6.123108,10.701702 0.606419,0.677835
v -0.590130,5.737633,13.997765 0.032300,5.737633,13.997765 0.096284,0.904639
v 8.594173,16.530888,-20.760736 0.889500,8.050472,-24.356443 0.376689,0.095361
v 8.594173,16.530888,-20.760736 0.889500,8.050472,-24.356443 0.876689,0.095361
v 9.578205,16.145416,-24.056801 0.847800,16.145416,-24.056801 0.386824,0.033505
v 9.578205,16.145416,-24.056801 0.847800,16.145416,-24.056801 0.886824,0.033505
v 8.594173,8.050472,-24.356443 0.614700,16.530888,-20.760736 0.373311,0.028351
v 8.594173,8.050472,-24.356443 0.614700,16.530888,-20.760736 0.873311,0.028351
v -8.134373,2.268372,14.297409 -0.371200,6.123108,19.091686 0.224662,0.755155
v -10.102440,2.268372,14.896694 0.045700,2.268372,14.896694 0.180743,0.750000
v -13.054535,6.123108,19.091686 -0.562400,2.268372,14.297409 0.143581,0.811856
v -13.054535,6.123108,19.091686 -0.562400,2.268372,14.297409 0.643581,0.811856
v 2.033958,8.050472,-15.367176 -0.957100,19.614677,-20.461094 0.809122,0.244845
v 2.033958,8.050472,-15.367176 -0.957100,19.614677,-20.461094 0.309122,0.244845
v 3.674011,16.145416,-21.060379 -0.935900,16.145416,-21.060379 0.822635,0.095361
v 3.674011,16.145416,-21.060379 -0.935900,16.145416,-21.060379 0.322635,0.095361
v 5.970085,19.614677,-20.461094 -0.073100,8.050472,-15.367176 0.846284,0.100515
v -5.510288,13.061626,15.495975 -0.066000,6.123108,11.600628 0.724662,0.755155
v -11.742493,10.748787,13.997765 -0.415000,10.748787,13.997765 0.677365,0.739691
v -9.774429,6.123108,11.600628 0.281500,13.061626,15.495975 0.701014,0.703608
v -9.774429,6.123108,11.600628 0.281500,13.061626,15.495975 0.201014,0.703608
v -10.430450,-0.429939,-8.775045 -0.931200,-6.212040,-9.673973 0.211149,0.291237
v -10.430450,-0.429939,-8.775045 -0.931200,-6.212040,-9.673973 0.711149,0.291237
v -8.134373,-4.670147,-7.876120 -0.182800,-4.670147,-7.876120 0.244932,0.286082
v -8.462383,-6.212040,-9.673973 -0.201200,-0.429939,-8.775045 0.248311,0.265464
v -1.574162,-7.753937,15.196335 0.055100,-6.982990,15.795620 0.535473,0.409794
v -1.574162,-7.753937,15.196335 0.055100,-6.982990,15.795620 0.035473,0.409794
v -4.198246,-8.139408,13.398479 -0.526400,-8.139408,13.398479 0.559122,0.435567
v -2.886204,-6.982990,15.795620 -0.011900,-7.753937,15.196335 0.532095,0.440722
v -2.886204,-6.982990,15.795620 -0.011900,-7.753937,15.196335 0.032095,0.440722
v -0.590130,1.497425,-0.085421 -0.134500,6.123108,-2.482559 0.298986,0.502577
v 2.689980,1.497425,0.513865 0.321100,1.497425,0.513865 0.336149,0.512887
v 0.065895,6.123108,-2.482559 -0.602700,1.497425,-0.085421 0.305743,0.461340
v 0.065895,6.123108,-2.482559 -0.602700,1.497425,-0.085421 0.805743,0.461340
v 6.298096,6.508579,6.806351 0.992100,1.497425,7.405636 0.373311,0.615979
v 6.298096,6.508579,6.806351 0.992100,1.497425,7.405636 0.873311,0.615979
v 1.705948,2.653847,2.611361 0.399200,2.653847,2.611361 0.329392,0.559278
v 4.002022,1.497425,7.405636 0.585500,6.508579,6.806351 0.356419,0.646907
v -11.414482,-0.815414,-11.172184 -0.968200,-4.284676,-19.861809 0.201014,0.244845
v -11.414482,-0.815414,-11.172184 -0.968200,-4.284676,-19.861809 0.701014,0.244845
v -9.118408,-4.284676,-19.861809 -0.146300,-0.815414,-11.172184 0.241554,0.105670
v -0.262115,1.497425,18.192757 -0.096800,1.497425,19.391327 0.315878,0.827320
v 1.705948,3.039318,19.990612 0.803200,3.039318,19.990612 0.332770,0.853093
v 1.705948,3.039318,19.990612 0.803200,3.039318,19.990612 0.832770,0.853093
v 3.674011,1.497425,19.391327 0.099600,1.497425,18.192757 0.356419,0.847938
v 3.674011,1.497425,19.391327 0.099600,1.497425,18.192757 0.856419,0.847938
v 5.970085,7.279526,3.809929 0.981000,7.279526,3.809929 0.369932,0.569588
v 5.970085,7.279526,3.809929 0.981000,7.279526,3.809929 0.869932,0.569588
v -0.918140,7.665001,20.589897 0.065500,6.894054,19.990612 0.782095,0.847938
v -4.526257,5.737633,20.290253 -0.622600,5.737633,20.290253 0.755068,0.858247
v -4.526257,5.737633,20.290253 -0.622600,5.737633,20.290253 0.255068,0.858247
v -6.166309,6.894054,19.990612 -0.159200,7.665001,20.589897 0.734797,0.847938
v -6.166309,6.894054,19.990612 -0.159200,7.665001,20.589897 0.234797,0.847938
v 8.922184,-2.357307,17.293831 0.533900,-1.971836,13.398479 0.444257,0.827320
v 8.922184,-2.357307,17.293831 0.533900,-1.971836,13.398479 0.944257,0.827320
v 3.346001,-2.742783,13.098839 -0.454500,-2.742783,13.098839 0.407095,0.750000
v 0.721916,-1.971836,13.398479 -0.262100,-2.357307,17.293831 0.356419,0.760309
v -6.166309,2.653847,-11.771469 0.315300,1.497425,-19.861809 0.744932,0.255155
v -7.806362,1.497425,-19.861809 0.181300,2.653847,-11.771469 0.738176,0.100515
v 5.642075,1.882900,10.402058 0.139200,7.665001,15.495975 0.880068,0.713918
v 5.642075,1.882900,10.402058 0.139200,7.665001,15.495975 0.380068,0.713918
v 10.234226,3.424793,13.098839 0.855900,3.424793,13.098839 0.903716,0.755155
v 6.626106,7.665001,15.495975 0.706600,1.882900,10.402058 0.856419,0.760309
v -13.054535,-9.295830,-24.056801 -0.758000,-1.200886,-20.161453 0.217905,0.023196
v -13.054535,-9.295830,-24.056801 -0.758000,-1.200886,-20.161453 0.717905,0.023196
v -12.070503,-0.815414,-23.757160 -0.754600,-0.815414,-23.757160 0.201014,0.028351
v -12.070503,-0.815414,-23.757160 -0.754600,-0.815414,-23.757160 0.701014,0.028351
v -11.086472,-1.200886,-20.161453 -0.913200,-9.295830,-24.056801 0.211149,0.095361
v -11.086472,-1.200886,-20.161453 -0.913200,-9.295830,-24.056801 0.711149,0.095361
v -12.398514,5.352161,9.503132 0.405500,3.424793,12.499554 0.190878,0.646907
v -12.398514,5.352161,9.503132 0.405500,3.424793,12.499554 0.690878,0.646907
v -12.398514,3.424793,12.499554 -0.429700,5.352161,9.503132 0.160473,0.662371
v 1.377937,6.894054,20.589897 0.659700,8.050472,21.488823 0.812500,0.847938
v 0.065895,8.050472,21.488823 0.405000,6.894054,20.589897 0.812500,0.878866
v -1.574162,2.268372,2.611361 -0.093900,2.653847,7.405636 0.295608,0.564433
v -4.526257,3.810268,2.611361 -0.589600,3.810268,2.611361 0.255068,0.559278
v -7.150341,2.653847,7.405636 -0.745700,2.268372,2.611361 0.231419,0.641753
v 2.033958,6.894054,-13.269680 -0.983400,3.810268,-16.565746 0.312500,0.280928
v 2.033958,6.894054,-13.269680 -0.983400,3.810268,-16.565746 0.812500,0.280928
v 5.314064,3.424793,-14.168607 0.065500,3.424793,-14.168607 0.346284,0.291237
v 5.314064,3.810268,-16.565746 0.013400,6.894054,-13.269680 0.342905,0.265464
v 1.049927,6.508579,-7.576477 -0.979500,11.134262,-6.677551 0.805743,0.378866
v 1.049927,6.508579,-7.576477 -0.979500,11.134262,-6.677551 0.305743,0.378866
v 4.002022,11.134262,-6.677551 -0.058700,6.508579,-7.576477 0.842905,0.384021
v 5.970085,13.832577,-20.161453 0.035500,13.832577,-20.161453 0.346284,0.105670
v -4.198246,-1.971836,-9.074688 0.942100,-3.128254,-11.771469 0.282095,0.286082
v -4.198246,-1.971836,-9.074688 0.942100,-3.128254,-11.771469 0.782095,0.286082
v -3.870235,-3.128254,-11.771469 0.938200,-1.971836,-9.074688 0.285473,0.244845
v -3.870235,-3.128254,-11.771469 0.938200,-1.971836,-9.074688 0.785473,0.244845
v -12.726524,-9.681301,-22.558590 -0.636600,-9.681301,-22.558590 0.217905,0.054124
v -0.918140,11.134262,0.813507 0.169800,6.123108,-2.482559 0.795608,0.518041
v -4.854267,11.905209,-0.984348 -0.230300,11.905209,-0.984348 0.738176,0.518041
v -0.918140,6.123108,-2.482559 0.486200,11.134262,0.813507 0.792230,0.461340
v -0.918140,6.123108,-2.482559 0.486200,11.134262,0.813507 0.292230,0.461340
v 8.266163,6.894054,-12.670395 0.937000,8.050472,-14.168607 0.380068,0.286082
v 8.266163,6.894054,-12.670395 0.937000,8.050472,-14.168607 0.880068,0.286082
v 9.250195,8.050472,-14.168607 0.993000,6.894054,-12.670395 0.390203,0.250000
v 9.250195,8.050472,-14.168607 0.993000,6.894054,-12.670395 0.890203,0.250000
v -5.838299,-2.357307,-20.461094 0.990000,-2.357307,-20.461094 0.271959,0.095361
v -5.838299,-2.357307,-20.461094 0.990000,-2.357307,-20.461094 0.771959,0.095361
v -2.230183,-0.429939,13.098839 -0.453900,1.497425,5.907425 0.295608,0.755155
v -1.902172,1.497425,5.907425 -0.149500,-0.429939,13.098839 0.295608,0.626289
v 4.658043,11.905209,-11.771469 -0.162800,11.905209,-11.771469 0.846284,0.255155
v -16.334642,6.123108,9.203491 -0.710100,6.123108,9.203491 0.667230,0.657216
v 7.938148,-6.212040,11.300987 0.266600,-2.742783,7.705276 0.967905,0.657216
v 7.938148,-6.212040,11.300987 0.266600,-2.742783,7.705276 0.467905,0.657216
v 8.922184,-4.670147,11.600628 0.592900,-4.670147,11.600628 0.957770,0.688144
v 8.922184,-4.670147,11.600628 0.592900,-4.670147,11.600628 0.457770,0.688144
v 10.890247,-2.742783,7.705276 0.878600,-6.212040,11.300987 0.927365,0.667526
v 4.330032,1.882900,-7.276834 0.061200,1.882900,-7.276834 0.342905,0.384021
v -7.806362,1.882900,-24.056801 0.168600,1.882900,-24.056801 0.738176,0.033505
v 0.065895,-5.441093,9.802773 0.500900,-6.982990,6.806351 0.096284,0.394330
v -1.246151,-6.597515,8.304562 -0.347600,-6.597515,8.304562 0.113176,0.389175
v -1.246151,-6.597515,8.304562 -0.347600,-6.597515,8.304562 0.613176,0.389175
v -0.262115,-6.982990,6.806351 -0.181600,-5.441093,9.802773 0.123311,0.368557
v -0.262115,-6.982990,6.806351 -0.181600,-5.441093,9.802773 0.623311,0.368557
v -5.182278,5.737633,-8.475405 0.116300,1.882900,-5.179338 0.748311,0.384021
v -2.558193,1.882900,-5.179338 0.933000,5.737633,-8.475405 0.788851,0.378866
v -2.558193,1.882900,-5.179338 0.933000,5.737633,-8.475405 0.288851,0.378866
v -9.118408,-10.452248,-22.858232 0.381500,-10.452248,-24.356443 0.261824,0.054124
v -9.118408,-10.452248,-24.356443 0.326800,-10.452248,-22.858232 0.261824,0.023196
v -9.118408,-10.452248,-24.356443 0.326800,-10.452248,-22.858232 0.761824,0.023196
v 4.658043,7.665001,-24.656086 -0.480800,7.665001,-23.157875 0.329392,0.028351
v 4.658043,7.665001,-24.656086 -0.480800,7.665001,-23.157875 0.829392,0.028351
v 4.658043,7.665001,-23.157875 -0.548500,7.665001,-24.656086 0.329392,0.054124
v 8.594173,8.050472,-22.858232 0.622900,8.050472,-22.858232 0.373311,0.054124
v 2.361969,16.145416,-24.656086 -0.831800,16.145416,-24.656086 0.805743,0.033505
v 2.361969,16.145416,-24.656086 -0.831800,16.145416,-24.656086 0.305743,0.033505
v -5.182278,-2.742783,-24.356443 0.812800,-2.742783,-24.356443 0.782095,0.033505
v -5.182278,-2.742783,-24.356443 0.812800,-2.742783,-24.356443 0.282095,0.033505
v -11.742493,3.424793,12.799198 0.255600,-0.815414,9.802773 0.153716,0.636598
v -8.134373,0.726479,9.802773 0.581300,0.726479,9.802773 0.143581,0.538660
v -9.446419,-0.815414,9.802773 -0.277900,3.424793,12.799198 0.126689,0.543814
v -9.446419,-0.815414,9.802773 -0.277900,3.424793,12.799198 0.626689,0.543814
v -11.742493,5.352161,9.203491 0.436100,5.352161,9.203491 0.190878,0.626289
v -11.742493,5.352161,9.203491 0.436100,5.352161,9.203491 0.690878,0.626289
v 5.970085,-11.994141,13.698124 0.563400,-6.212040,14.297409 0.028716,0.260309
v 4.658043,-13.536034,14.297409 -0.054300,-13.536034,14.297409 0.018581,0.265464
v 4.658043,-13.536034,14.297409 -0.054300,-13.536034,14.297409 0.518581,0.265464
v -0.262115,-6.212040,14.297409 0.697000,-11.994141,13.698124 0.045608,0.409794
v -6.166309,1.882900,-10.273258 0.365600,1.882900,-10.273258 0.748311,0.291237
v -7.806362,8.821423,3.510288 -0.949900,4.581215,-4.879696 0.714527,0.564433
v -7.806362,8.821423,3.510288 -0.949900,4.581215,-4.879696 0.214527,0.564433
v -9.118408,4.581215,-4.879696 -0.928200,8.821423,3.510288 0.707770,0.394330
v -9.118408,4.581215,-4.879696 -0.928200,8.821423,3.510288 0.207770,0.394330
v 2.361969,4.581215,21.788464 0.983600,-0.044468,19.690968 0.336149,0.878866
v 2.361969,4.581215,21.788464 0.983600,-0.044468,19.690968 0.836149,0.878866
v 1.049927,-0.044468,19.690968 0.598300,4.581215,21.788464 0.315878,0.842784
v -6.822330,-0.429939,-1.583632 -0.217800,-0.429939,-1.583632 0.248311,0.378866
v -15.678621,1.497425,11.900269 -0.552500,4.195740,7.705276 0.623311,0.646907
v -15.678621,1.497425,11.900269 -0.552500,4.195740,7.705276 0.123311,0.646907
v -15.678621,4.195740,7.705276 -0.561700,1.497425,11.900269 0.667230,0.631443
v -2.886204,8.050472,21.488823 -0.489500,8.050472,21.488823 0.775338,0.878866
v 6.298096,20.000149,-24.356443 0.038800,20.000149,-24.356443 0.849662,0.033505
v 0.065895,10.363316,5.308140 0.171200,10.363316,5.008499 0.795608,0.585052
v -4.854267,10.363316,5.008499 -0.279200,10.363316,5.308140 0.741554,0.579897
v 3.674011,8.821423,4.708855 0.566500,8.821423,4.708855 0.839527,0.579897
v -8.134373,1.497425,7.405636 0.439500,1.497425,7.405636 0.167230,0.528351
v -8.134373,1.497425,7.405636 0.439500,1.497425,7.405636 0.667230,0.528351
v -10.102440,-0.429939,6.806351 -0.602200,-0.429939,6.806351 0.650338,0.533505
v 4.330032,10.363316,-11.172184 -0.276700,7.279526,-5.478981 0.842905,0.291237
v 7.610138,7.279526,-5.478981 0.989300,10.363316,-11.172184 0.883446,0.404639
v 7.610138,7.279526,-5.478981 0.989300,10.363316,-11.172184 0.383446,0.404639
v -2.558193,-0.429939,19.690968 -0.425400,3.039318,18.192757 0.275338,0.842784
v -3.870235,3.039318,18.192757 -0.804700,-0.429939,19.690968 0.275338,0.827320
v 3.346001,11.134262,0.813507 0.305800,11.134262,0.813507 0.842905,0.518041
v -0.590130,-11.994141,5.008499 -0.299800,-8.139408,4.708855 0.964527,0.456186
v 2.689980,-11.223194,5.008499 0.433800,-11.223194,5.008499 0.957770,0.507732
v 0.721916,-8.139408,4.708855 -0.208400,-11.994141,5.008499 0.930743,0.497423
v 0.721916,-8.139408,4.708855 -0.208400,-11.994141,5.008499 0.430743,0.497423
v 4.330032,-13.536034,8.304562 -0.531000,-13.921509,7.105995 0.586149,0.244845
v 12.202290,-20.089081,8.304562 0.039100,-20.089081,8.304562 0.559122,0.074742
v 12.202290,-20.089081,8.304562 0.039100,-20.089081,8.304562 0.059122,0.074742
v 6.626106,-13.921509,7.105995 -0.026800,-13.536034,8.304562 0.592905,0.208763
v 6.626106,-13.921509,7.105995 -0.026800,-13.536034,8.304562 0.092905,0.208763
v -6.494320,-1.200886,7.105995 -0.552300,-2.742783,11.001343 0.146959,0.507732
v -6.494320,-1.200886,7.105995 -0.552300,-2.742783,11.001343 0.646959,0.507732
v -4.526257,-2.357307,11.600628 0.427400,-2.357307,11.600628 0.089527,0.492268
v -6.166309,-2.742783,11.001343 -0.589400,-1.200886,7.105995 0.103041,0.507732
v -6.166309,-2.742783,11.001343 -0.589400,-1.200886,7.105995 0.603041,0.507732
v -2.558193,-8.910355,13.698124 -0.546900,-8.910355,13.698124 0.552365,0.409794
v 0.393906,-7.753937,8.004921 -0.383200,-7.368462,5.308140 0.454392,0.507732
v 3.017990,-7.368462,5.308140 -0.080700,-7.753937,8.004921 0.427365,0.533505
v 3.017990,-7.368462,5.308140 -0.080700,-7.753937,8.004921 0.927365,0.533505
v 4.002022,10.363316,10.102417 0.462700,9.977840,10.701702 0.842905,0.667526
v 0.065895,9.977840,10.701702 0.234400,10.363316,10.102417 0.795608,0.672680
v -3.214214,0.341007,25.384171 -0.495600,4.195740,27.182026 0.268581,0.945876
v -4.854267,4.195740,26.283100 -0.818300,4.195740,26.283100 0.255068,0.961340
v -4.854267,4.195740,26.283100 -0.818300,4.195740,26.283100 0.755068,0.961340
v -1.246151,4.195740,27.182026 -0.029500,0.341007,25.384171 0.295608,0.976804
v -1.246151,4.195740,27.182026 -0.029500,0.341007,25.384171 0.795608,0.976804
v -2.230183,-5.826569,8.304562 0.288700,-8.139408,9.203491 0.616554,0.414948
v -2.230183,-5.826569,8.304562 0.288700,-8.139408,9.203491 0.116554,0.414948
v -3.542225,-6.982990,9.203491 -0.524200,-6.982990,9.203491 0.606419,0.420103
v -2.230183,-8.139408,9.203491 -0.618400,-5.826569,8.304562 0.603041,0.394330
v 4.986053,-3.128254,10.402058 -0.963200,-2.742783,6.506710 0.423986,0.667526
v 4.330032,-3.513729,10.402058 -0.714900,-3.513729,10.402058 0.430743,0.646907
v 6.626106,-2.742783,6.506710 -0.251700,-3.128254,10.402058 0.400338,0.631443
v 6.626106,-2.742783,6.506710 -0.251700,-3.128254,10.402058 0.900338,0.631443
v -3.214214,8.050472,26.283100 -0.466600,8.050472,26.283100 0.775338,0.956186
v 0.065895,8.050472,26.283100 0.397600,8.050472,26.283100 0.812500,0.956186
v 2.033958,4.581215,26.582741 0.762600,4.581215,26.582741 0.832770,0.961340
v 2.033958,4.581215,26.582741 0.762600,4.581215,26.582741 0.332770,0.961340
v 7.282127,-1.971836,7.405636 -0.205200,-1.971836,7.405636 0.903716,0.657216
v 7.282127,-1.971836,7.405636 -0.205200,-1.971836,7.405636 0.403716,0.657216
v 10.234226,-5.055622,7.105995 0.799400,-9.681301,5.907425 0.934122,0.646907
v 4.658043,-9.681301,5.907425 0.629700,-5.055622,7.105995 0.951014,0.548969
v 2.361969,-7.368462,8.004921 -0.543600,-9.295830,8.604206 0.451014,0.543814
v 3.674011,-9.295830,8.604206 0.181700,-7.368462,8.004921 0.471284,0.554124
v 3.674011,-9.295830,8.604206 0.181700,-7.368462,8.004921 0.971284,0.554124
v -16.662653,3.424793,12.799198 -0.894200,3.424793,12.799198 0.630068,0.677835
v -16.662653,3.424793,12.799198 -0.894200,3.424793,12.799198 0.130068,0.677835
v -8.134373,8.821423,6.506710 -0.953000,8.821423,6.506710 0.711149,0.615979
v -8.134373,8.821423,6.506710 -0.953000,8.821423,6.506710 0.211149,0.615979
v -4.854267,4.195740,21.488823 -0.983600,4.195740,21.488823 0.755068,0.873711
v -4.854267,4.195740,21.488823 -0.983600,4.195740,21.488823 0.255068,0.873711
v 1.377937,0.341007,25.683815 0.540100,0.341007,25.683815 0.322635,0.945876
v -4.854267,-2.357307,5.607784 -0.011800,-2.357307,5.607784 0.657095,0.471649
v -4.854267,-2.357307,5.607784 -0.011800,-2.357307,5.607784 0.157095,0.471649
v 4.002022,-14.692459,13.098839 -0.565400,-14.692459,13.098839 0.535473,0.260309
v 0.065895,9.977840,15.196335 0.401100,9.977840,15.196335 0.795608,0.755155
v -1.574162,-4.670147,9.802773 0.605400,-4.670147,9.802773 0.099662,0.420103
v 13.514332,-18.932663,11.600628 0.937000,-18.547188,8.604206 0.021959,0.090206
v 13.514332,-18.547188,8.604206 0.940500,-18.932663,11.600628 0.052365,0.079897
v 5.970085,3.810268,8.903847 0.946500,3.810268,8.903847 0.876689,0.662371
v 5.970085,3.810268,8.903847 0.946500,3.810268,8.903847 0.376689,0.662371
v -4.854267,11.905209,9.802773 -0.042900,11.905209,9.802773 0.738176,0.657216
v -1.902172,-9.295830,7.405636 -0.869400,-9.681301,5.008499 0.464527,0.456186
v -1.902172,-9.295830,7.405636 -0.869400,-9.681301,5.008499 0.964527,0.456186
v -1.902172,-9.681301,5.008499 -0.817500,-9.295830,7.405636 0.447635,0.451031
v -1.902172,-9.681301,5.008499 -0.817500,-9.295830,7.405636 0.947635,0.451031
v -7.478352,10.748787,9.503132 -0.753200,10.748787,9.503132 0.207770,0.657216
v -7.478352,10.748787,9.503132 -0.753200,10.748787,9.503132 0.707770,0.657216
v 12.530300,-20.089081,12.499554 0.343200,-20.474556,11.300987 0.015203,0.090206
v 12.530300,-20.089081,12.499554 0.343200,-20.474556,11.300987 0.515203,0.090206
v 12.202290,-20.474556,11.300987 0.070100,-20.089081,12.499554 0.025338,0.085052
v 12.202290,-20.474556,11.300987 0.070100,-20.089081,12.499554 0.525338,0.085052
v 6.298096,-11.223194,8.903847 0.693400,-12.379616,7.705276 0.079392,0.250000
v 4.658043,-11.608673,6.506710 0.259500,-11.608673,6.506710 0.109797,0.255155
v 4.658043,-11.608673,6.506710 0.259500,-11.608673,6.506710 0.609797,0.255155
v 5.314064,-12.379616,7.705276 0.396200,-11.223194,8.903847 0.092905,0.244845
v 5.314064,-12.379616,7.705276 0.396200,-11.223194,8.903847 0.592905,0.244845
v -12.398514,2.653847,14.597050 -0.196400,-1.971836,14.597050 0.086149,0.657216
v -12.398514,2.653847,14.597050 -0.196400,-1.971836,14.597050 0.586149,0.657216
v -4.198246,-1.971836,14.597050 0.520100,2.653847,14.597050 0.059122,0.502577
v 1.705948,-10.452248,8.903847 0.099300,-11.223194,7.405636 0.484797,0.518041
v 1.705948,-10.452248,8.903847 0.099300,-11.223194,7.405636 0.984797,0.518041
v -1.246151,-11.223194,7.405636 -0.601900,-10.452248,8.903847 0.478041,0.466495
v -1.246151,-11.223194,7.405636 -0.601900,-10.452248,8.903847 0.978041,0.466495
v -6.494320,-4.670147,11.001343 -0.757300,-4.670147,11.001343 0.596284,0.487113
v -5.838299,-4.284676,16.095261 -0.127800,-4.284676,16.095261 0.042230,0.507732
v -5.838299,-4.284676,16.095261 -0.127800,-4.284676,16.095261 0.542230,0.507732
v -0.918140,-4.670147,14.597050 0.710000,-4.670147,14.597050 0.048986,0.435567
v -4.854267,2.268372,2.012075 -0.180200,2.268372,2.012075 0.251689,0.518041
v 5.642075,0.341007,19.091686 0.159200,0.341007,19.091686 0.376689,0.853093
v 5.642075,0.341007,19.091686 0.159200,0.341007,19.091686 0.876689,0.853093
v 12.858311,-19.318138,7.705276 0.522400,-19.318138,7.705276 0.065878,0.074742
v 12.858311,-19.318138,7.705276 0.522400,-19.318138,7.705276 0.565878,0.074742
v -7.150341,-5.826569,13.698124 -0.686400,-5.826569,13.698124 0.569257,0.502577
v -13.382545,1.497425,14.297409 -0.962300,1.497425,14.297409 0.589527,0.657216
v -13.382545,1.497425,14.297409 -0.962300,1.497425,14.297409 0.089527,0.657216
v -12.398514,1.111954,15.795620 -0.390700,1.111954,15.795620 0.069257,0.646907
v -12.398514,1.111954,15.795620 -0.390700,1.111954,15.795620 0.569257,0.646907
v -5.838299,-0.044468,6.207066 0.465600,-0.044468,6.207066 0.167230,0.481959
v -5.838299,-0.044468,6.207066 0.465600,-0.044468,6.207066 0.667230,0.481959
v -8.134373,7.279526,20.290253 -0.089500,7.279526,20.290253 0.207770,0.853093
v -8.134373,7.279526,20.290253 -0.089500,7.279526,20.290253 0.707770,0.853093
v -7.806362,-3.128254,9.203491 -0.303200,-2.742783,6.207066 0.619932,0.492268
v -7.806362,-3.128254,9.203491 -0.303200,-2.742783,6.207066 0.119932,0.492268
v -6.166309,-3.513729,6.506710 0.152600,-3.513729,6.506710 0.640203,0.451031
v -6.166309,-3.513729,6.506710 0.152600,-3.513729,6.506710 0.140203,0.451031
v -8.462383,-2.742783,6.207066 -0.505700,-3.128254,9.203491 0.643581,0.487113
v -5.510288,-0.429939,9.503132 0.585300,-0.429939,9.503132 0.136824,0.487113
v -4.198246,-2.357307,8.604206 0.915300,-1.971836,6.207066 0.133446,0.451031
v -4.854267,-1.971836,6.207066 0.720900,-2.357307,8.604206 0.157095,0.451031
v -4.854267,-1.971836,6.207066 0.720900,-2.357307,8.604206 0.657095,0.451031
v -5.510288,-3.513729,8.304562 0.358200,-3.513729,8.304562 0.123311,0.456186
v -5.510288,-3.513729,8.304562 0.358200,-3.513729,8.304562 0.623311,0.456186
f 0,4,2
f 6,1,5
f 4,10,8
f 4,7,12
f 11,14,9
f 11,13,5
f 9,14,3
f 3,14,5
f 8,2,4
f 0,7,4
f 5,13,6
f 12,10,4
f 5,14,11
f 5,1,3
f 19,17,15
f 22,15,20
f 27,25,23
f 31,30,28
f 30,19,33
f 19,22,35
f 32,38,37
f 38,29,27
f 29,34,40
f 34,36,21
f 40,18,25
f 23,37,27
f 25,27,40
f 18,40,21
f 21,16,18
f 31,24,26
f 30,26,17
f 15,22,19
f 20,35,22
f 17,19,30
f 28,39,31
f 33,28,30
f 35,33,19
f 26,30,31
f 27,37,38
f 40,27,29
f 21,40,34
f 37,23,32
f 45,43,41
f 49,48,47
f 55,53,51
f 58,57,56
f 63,62,60
f 67,66,64
f 71,70,69
f 76,75,73
f 79,63,77
f 83,81,80
f 85,73,75
f 90,88,87
f 95,94,92
f 97,78,96
f 101,100,98
f 93,100,101
f 106,104,102
f 48,110,108
f 112,111,87
f 115,114,113
f 119,118,116
f 122,120,72
f 123,119,52
f 99,94,95
f 63,126,124
f 128,79,106
f 111,84,101
f 131,130,129
f 119,135,133
f 79,137,126
f 123,41,135
f 140,139,47
f 134,136,141
f 136,42,55
f 109,142,57
f 141,51,117
f 147,145,143
f 148,70,71
f 149,105,107
f 153,151,150
f 131,156,155
f 159,158,102
f 45,163,161
f 164,123,163
f 44,162,165
f 138,167,149
f 171,170,169
f 110,169,173
f 178,176,175
f 179,156,125
f 155,182,180
f 186,81,184
f 183,62,187
f 142,190,188
f 112,87,191
f 42,44,192
f 189,169,110
f 130,194,193
f 195,74,86
f 196,173,169
f 197,198,190
f 190,198,172
f 200,134,199
f 125,127,96
f 142,109,174
f 121,116,118
f 192,165,53
f 89,203,202
f 204,129,193
f 96,78,61
f 127,138,97
f 181,183,187
f 187,157,132
f 207,206,205
f 212,210,209
f 217,216,214
f 185,82,111
f 64,219,177
f 76,95,140
f 221,208,220
f 224,101,223
f 199,117,120
f 228,226,225
f 233,232,230
f 236,235,234
f 239,238,229
f 229,240,239
f 234,235,144
f 202,203,80
f 97,107,78
f 127,97,96
f 242,98,100
f 245,244,143
f 222,245,206
f 69,70,113
f 237,244,245
f 150,151,231
f 179,155,156
f 201,148,118
f 191,238,239
f 175,150,178
f 247,246,220
f 57,142,249
f 242,100,147
f 186,80,81
f 245,143,248
f 180,251,194
f 238,191,253
f 246,235,236
f 255,228,225
f 94,234,146
f 256,230,232
f 206,245,248
f 258,233,209
f 56,259,224
f 129,130,193
f 62,124,157
f 179,61,182
f 214,216,260
f 183,60,62
f 76,140,113
f 224,259,101
f 229,238,227
f 211,262,261
f 223,195,193
f 223,101,263
f 265,56,224
f 87,88,253
f 77,63,60
f 133,201,118
f 208,268,266
f 42,192,55
f 200,199,122
f 270,252,115
f 154,233,152
f 121,118,148
f 111,82,84
f 122,199,120
f 55,192,53
f 264,99,95
f 201,85,148
f 44,46,162
f 274,261,272
f 86,122,204
f 279,277,276
f 168,137,159
f 195,204,193
f 121,148,71
f 283,216,281
f 286,284,266
f 288,218,215
f 176,272,175
f 130,180,194
f 280,209,278
f 283,289,68
f 195,86,204
f 72,131,129
f 277,153,276
f 142,174,190
f 291,68,65
f 250,110,48
f 204,122,72
f 153,150,276
f 278,209,154
f 125,96,179
f 147,244,237
f 181,114,252
f 178,260,291
f 222,206,207
f 292,187,132
f 284,247,220
f 123,135,119
f 131,155,130
f 207,205,269
f 285,287,205
f 115,140,47
f 72,129,204
f 178,150,260
f 95,92,293
f 175,276,150
f 101,98,263
f 262,295,213
f 62,63,124
f 115,113,140
f 206,248,285
f 66,219,64
f 189,171,169
f 86,200,122
f 213,279,276
f 110,173,108
f 212,209,280
f 175,261,276
f 234,144,146
f 239,240,185
f 95,139,140
f 181,187,292
f 260,231,257
f 224,223,193
f 94,99,243
f 145,147,100
f 258,273,177
f 219,258,177
f 155,180,130
f 221,246,236
f 187,62,157
f 294,93,101
f 144,235,246
f 232,288,215
f 228,255,241
f 265,224,193
f 291,260,216
f 255,225,202
f 76,73,264
f 66,297,288
f 265,271,56
f 284,220,266
f 244,147,143
f 270,115,47
f 211,261,274
f 85,70,148
f 246,221,220
f 267,269,205
f 209,275,258
f 298,297,290
f 223,263,74
f 45,164,163
f 178,65,176
f 259,87,111
f 223,74,195
f 294,101,84
f 194,265,193
f 219,66,232
f 54,123,52
f 281,300,289
f 258,219,233
f 181,292,114
f 259,56,87
f 70,75,113
f 209,233,154
f 70,85,75
f 76,264,95
f 112,191,239
f 161,54,166
f 254,89,202
f 186,202,80
f 155,179,182
f 160,103,105
f 302,196,170
f 192,44,165
f 167,105,149
f 167,160,105
f 41,164,45
f 147,237,242
f 236,234,243
f 161,163,54
f 186,255,202
f 158,128,102
f 191,87,253
f 112,185,111
f 292,113,114
f 265,251,271
f 114,115,252
f 190,172,188
f 141,55,51
f 255,184,241
f 220,208,266
f 304,49,47
f 57,50,56
f 254,225,226
f 205,287,267
f 237,245,222
f 310,308,306
f 238,253,227
f 170,311,302
f 198,197,303
f 313,312,309
f 239,185,112
f 311,312,313
f 310,303,314
f 171,307,170
f 301,282,298
f 307,311,170
f 315,312,307
f 312,311,307
f 217,299,281
f 306,308,316
f 291,65,178
f 199,141,117
f 91,47,139
f 59,47,48
f 310,306,198
f 95,83,80
f 170,196,169
f 198,306,172
f 276,262,213
f 256,232,215
f 214,260,257
f 91,304,47
f 66,288,232
f 291,216,283
f 250,48,49
f 247,144,246
f 298,290,301
f 271,58,56
f 283,281,289
f 119,133,118
f 272,261,175
f 149,107,97
f 258,275,273
f 139,203,91
f 52,119,116
f 283,68,291
f 67,290,297
f 137,158,159
f 66,67,297
f 142,188,249
f 57,249,50
f 106,79,77
f 303,310,198
f 94,146,92
f 93,145,100
f 63,79,126
f 211,295,262
f 138,149,97
f 50,305,56
f 80,139,95
f 137,79,158
f 313,302,311
f 203,89,91
f 255,186,184
f 234,94,243
f 265,194,251
f 59,270,47
f 83,95,293
f 189,110,250
f 209,210,275
f 59,48,108
f 212,296,210
f 150,231,260
f 259,111,101
f 292,69,113
f 152,233,230
f 197,190,174
f 96,61,179
f 134,141,199
f 139,80,203
f 297,298,288
f 132,71,69
f 56,90,87
f 219,232,233
f 285,205,206
f 315,309,312
f 128,158,79
f 58,109,57
f 132,69,292
f 136,55,141
f 217,281,216
f 288,298,218
f 56,305,90
f 254,202,225
f 76,113,75
f 261,262,276
f 314,308,310
f 123,54,163
f 164,41,123
f 106,102,128
