  50 59 0 5640
! 9 59 20 5580
" 25 59 12 5520
# 25 59 12 5460
$ 20 59 15 5400
% 37 59 6 5340
& 25 59 12 5280
' 14 59 18 5220
( 15 59 17 5160
) 15 59 17 5100
* 16 59 17 5040
+ 38 59 6 4980
, 14 59 18 4920
- 17 59 16 4860
. 14 59 18 4800
/ 18 59 16 4740
0 42 59 4 4680
1 15 59 17 4620
2 26 59 12 4560
3 22 59 14 4500
4 32 59 9 4440
5 21 59 14 4380
6 29 59 10 4320
7 23 59 13 4260
8 30 59 10 4200
9 30 59 10 4140
: 14 59 18 4080
; 15 59 17 4020
< 27 59 11 3960
= 35 59 7 3900
> 25 59 12 3840
? 21 59 14 3780
@ 41 59 4 3720
A 43 59 3 3660
B 37 59 6 3600
C 39 59 5 3540
D 39 59 5 3480
E 38 59 6 3420
F 34 59 8 3360
G 41 59 4 3300
H 41 59 4 3240
I 15 59 17 3180
J 19 59 15 3120
K 42 59 4 3060
L 35 59 7 3000
M 43 59 3 2940
N 38 59 6 2880
O 44 59 3 2820
P 35 59 7 2760
Q 42 59 4 2700
R 38 59 6 2640
S 30 59 10 2580
T 33 59 8 2520
U 43 59 3 2460
V 44 59 3 2400
W 48 59 1 2340
X 43 59 3 2280
Y 36 59 7 2220
Z 32 59 9 2160
[ 10 59 20 2100
\ 22 59 14 2040
] 10 59 20 1980
^ 22 59 14 1920
_ 25 59 12 1860
` 25 59 12 1800
a 25 59 12 1740
b 25 59 12 1680
c 25 59 12 1620
d 25 59 12 1560
e 25 59 12 1500
f 25 59 12 1440
g 25 59 12 1380
h 25 59 12 1320
i 25 59 12 1260
j 25 59 12 1200
k 25 59 12 1140
l 25 59 12 1080
m 25 59 12 1020
n 25 59 12 960
o 25 59 12 900
p 25 59 12 840
q 25 59 12 780
r 25 59 12 720
s 25 59 12 660
t 25 59 12 600
u 25 59 12 540
v 25 59 12 480
w 25 59 12 420
x 25 59 12 360
y 25 59 12 300
z 25 59 12 240
{ 9 59 20 180
| 25 59 12 120
} 9 59 20 60
~ 25 59 12 0
